0.0000 1.0000
0.0628 1.1285
0.1257 1.2416
0.1885 1.3401
0.2513 1.4250
0.3142 1.4970
0.3770 1.5570
0.4398 1.6059
0.5027 1.6444
0.5655 1.6734
0.6283 1.6934
0.6912 1.7054
0.7540 1.7099
0.8168 1.7076
0.8796 1.6993
0.9425 1.6855
1.0053 1.6669
1.0681 1.6440
1.1310 1.6174
1.1938 1.5876
1.2566 1.5552
1.3195 1.5206
1.3823 1.4844
1.4451 1.4470
1.5080 1.4088
1.5708 1.3701
1.6336 1.3315
1.6965 1.2933
1.7593 1.2557
1.8221 1.2192
1.8850 1.1839
1.9478 1.1502
2.0106 1.1184
2.0735 1.0886
2.1363 1.0610
2.1991 1.0358
2.2619 1.0132
2.3248 0.9933
2.3876 0.9763
2.4504 0.9621
2.5133 0.9509
2.5761 0.9427
2.6389 0.9376
2.7018 0.9354
2.7646 0.9363
2.8274 0.9401
2.8903 0.9468
2.9531 0.9562
3.0159 0.9684
3.0788 0.9830
3.1416 1.0000
